header: 
  seq: 32224
  stamp: 
    secs: 1704352809
    nsecs: 260565596
  frame_id: "laser_link"
angle_min: 3.1372294426
angle_max: -3.1372294426
angle_increment: -0.00436332309619
time_increment: 7.14365014574e-05
scan_time: 0.102868556976
range_min: 0.20000000298
range_max: 50.0
ranges:
